Tpix2cam:
        -0.201504350697368       0.00127521166867276          188.631372815005
       0.00746936285890458        -0.201169885069706          -15.755353411777
        0.0178869757479087     -0.000506783135960878         -23.8442317839452

Tcam2pix:
         -16.6829234006005         0.227102578953536         -132.128426428746
         0.361317047543337         -4.98412980430078          6.15169566147474
       -0.0125225320053396      0.000276295387244344        -0.141186999240036

monitorPlane:
        0.0123986033073363     -0.000273561041858689          0.13978974819022         0.990103543121273